image: src/ro_bot_mo_del_pkg/maps/office.pgm
resolution: 0.050000
origin: [-7.365813, -3.652450, 0.000000]
negate: 0
occupied_thresh: 0.65
free_thresh: 0.196

